INDEX SCRIPTORUM

Qvonvn rums 111·111111.11111111111,11103011111 raclro noum. .

1 111111,111,111,311,113;11,111; 11311311, 11
Ι 11,11;11,11;31,11;31,111,111111,1311131111,
, · 11,111;11,117;11,111,111;11,111,111,111;11,

Ι mmmmm.

,1111111111 Sicyonius (Pan ln 1111111111), Ι, 13119. 1111111111, 11, 111.

.111111111111111,11,31,1111 ἱ 01111111, 1, 11, 111, 11, 111, 311, 11, 11, 72.

Epicurus, 1, 111, 114. vindam, 1, 11, 338.

1111111111, 1, 11, 111. 11111, 1, 1,11; 11, 111111, 111, 111. 111, 111, 111,

1111111111,11,11,11,11; 3111311. 111.

1111111111, 1, 11, 111; 11, 11,13; 11,11;11,111;31, 111111111111,111,111,111,111.

207. 51111111111(Ρ1111111111),11, 17, 31.
1111111111,1,1,1,11, 11, ι1; 11, 111, 111, 11, 111, 111, · 1111111111,11,11,11;11,11.

 

